.Random.seed <-
c(10403L, 10L, 1296820204L, -2115777425L, 955229093L, 441140060L, 
1171746610L, -1795563987L, -1389030169L, -1245604338L, -1630696472L, 
-106662421L, 993795721L, 1170820632L, 998524230L, 1628386209L, 
-1242169805L, 674558882L, 2027357844L, 1961886999L, -293682419L, 
1973809700L, -363382262L, -292011147L, 1910867663L, -1023800874L, 
208102784L, -1173430845L, -331580575L, -729194032L, -1325139666L, 
503726297L, 1839012587L, 18089818L, 816611612L, -934180833L, 
941315189L, 1352421644L, 113949922L, -154184259L, -696655305L, 
-1984630562L, 1585200152L, 1209148283L, 611242777L, 625012648L, 
-1129484458L, 1178261457L, 1732707203L, -1289099758L, 1136820644L, 
-1782631065L, -79709507L, 88259124L, 53920154L, 1876598245L, 
-1700071041L, 1808912646L, 1447799440L, -1256752333L, -1431174959L, 
130192000L, 303711070L, 1552543913L, 1423577947L, -455302806L, 
-552549364L, -1771854769L, -1101589243L, 192009660L, -917217134L, 
2023461773L, 591881159L, 478484654L, 620108040L, -1091590389L, 
126820841L, -675862856L, 516395366L, 1606832641L, 127306899L, 
-1538590910L, 43485428L, -861944585L, 192683245L, -424947836L, 
-479280726L, 1762096917L, 1449436591L, 870239670L, 792998880L, 
-7218397L, -1008313279L, 1072705328L, -2099888818L, 1350795193L, 
295352779L, 162577018L, -1661653124L, -857243713L, 264530069L, 
-1526720852L, -862894974L, -225696675L, 378874711L, 61486654L, 
158038648L, -1483667109L, -783669063L, -640694008L, 480033718L, 
878115057L, -648384733L, 388495730L, 1635494852L, 755877767L, 
-417952419L, 1304421204L, 1031797114L, -1083951931L, 180971039L, 
852717990L, -1269947600L, -1630416429L, 1906218993L, 995832096L, 
-635514946L, 296468425L, 253513595L, -599050934L, 645693868L, 
-890463057L, -498530715L, 428621340L, 940929138L, -290871571L, 
-1927443673L, -1766004914L, -453750872L, -1342776405L, 1414781129L, 
-1473257256L, -910852730L, 1623184481L, 1280742899L, 1042207842L, 
1902924500L, -882453545L, 374655437L, 2040216932L, 2028747082L, 
1032650933L, -1755535345L, 779665686L, -1061774400L, -1163774077L, 
-1564600927L, -327558768L, 1943986798L, -1232784359L, 1417226411L, 
1197972634L, 1339006044L, 339708255L, 337099573L, 423304908L, 
-1351365598L, -1346253187L, -1352027273L, -915829602L, 1777236824L, 
1317797563L, 1446813785L, 345252840L, 1216095766L, 750766481L, 
243919427L, -986633902L, -943268380L, -1904147417L, 1043787901L, 
-953885324L, 419008858L, -1327540315L, -915261505L, 1691143238L, 
1944148688L, -401562381L, -639286767L, 1606644800L, 302594078L, 
455886569L, -1578937317L, -1115096022L, -2083856564L, 611403023L, 
-1734588347L, 1819636220L, -383180718L, -1296447027L, -1692312697L, 
279203438L, -174703032L, 287103051L, -317640279L, -504247048L, 
859461670L, 1002096961L, -57145645L, -1488146814L, 1335465140L, 
163007543L, 617918253L, -1366201276L, -121998998L, -695013931L, 
1088277359L, 1429746294L, -516217440L, 1699443299L, 1889743617L, 
-387700112L, -1889810930L, -476246407L, -1770202613L, 1084887866L, 
790178364L, 1077029247L, -261807403L, 1933595668L, 596756776L, 
1794837050L, -209447728L, 468817004L, 1453883060L, -782694382L, 
298420192L, -600861748L, 46656992L, 311091746L, -204866264L, 
772379916L, -26603972L, -153288462L, -1430745360L, 1837190980L, 
-330293672L, -1104741830L, -1503011088L, -583126852L, 1221468692L, 
1354147010L, 296440928L, 1142791548L, 555499728L, -584387550L, 
1310445224L, -1532124276L, -690733636L, 469675058L, -857225408L, 
846484660L, 1904060232L, 15563450L, -976871664L, 1390660844L, 
2790484L, -1218441454L, 793675680L, 1330820044L, -1099930784L, 
1942983874L, -1729104344L, -74017364L, -1896690884L, 1266546546L, 
884356912L, 317871652L, 1513722936L, -1558728486L, -1229683312L, 
1772841724L, -74562668L, -906295486L, -770191872L, 1644295740L, 
1861433936L, -76372318L, -1192885432L, 570847756L, -1545082660L, 
195701330L, 622342272L, -2058679468L, 454006248L, -1898946822L, 
-716461232L, -1357947860L, -1267701388L, 2024519314L, -1118007712L, 
546162316L, 1726523232L, 296815330L, 767332520L, 1767107788L, 
-1891982852L, 1689489330L, 1974430192L, 1562424772L, 1687165784L, 
1483829114L, 462964144L, -482777668L, -1382661036L, 1432311746L, 
-1100228832L, 143961020L, 884721232L, -1247475230L, -1843444376L, 
-1130603188L, -2114243332L, 1799383794L, -2120875264L, -1091203468L, 
1985582088L, 2026924474L, 1548481488L, -1703336468L, 770838420L, 
1533411026L, -1600832928L, 652049740L, 80531744L, -1542222206L, 
1823565288L, 1793057772L, -627434948L, -1423358350L, -1500677264L, 
405721380L, -1886014920L, -180160102L, -1193161264L, 951913916L, 
507417748L, 1607833730L, -1273422400L, -994603204L, 1450049680L, 
284429090L, -1418016248L, -1594218228L, -417936996L, 2033437202L, 
377401216L, 189778708L, 1148322088L, -761182150L, -2065425456L, 
1172942444L, 1866625588L, -752064878L, 729210208L, -12760756L, 
1254519776L, 2129420706L, 8108456L, -515770740L, -128205380L, 
652735090L, -1094448144L, 2098971204L, 214462552L, 1528677434L, 
-2017512336L, 1726456892L, -414735084L, -1537373502L, -32885024L, 
-1828254596L, 1108183760L, -1631819358L, 524098600L, 88680204L, 
1585221052L, 277047090L, -595939648L, 1250971700L, -95891768L, 
1011321018L, -833281392L, -424182036L, 883743316L, -1764381038L, 
2003610912L, 776906188L, -1305440544L, 67159234L, -577766360L, 
52966316L, -1734431044L, 1826772978L, 446724656L, -95444060L, 
1464528312L, 520212314L, 951443600L, 1520701308L, 770864404L, 
-2054788798L, -625240832L, 2047148476L, 1861592400L, -1925992158L, 
-882470328L, 168281100L, -2131086756L, -2128321070L, 1783848448L, 
-365364908L, -174699288L, -720635654L, -1303577904L, -683475156L, 
2106074356L, -2001060462L, -1273482912L, -1648381940L, -1680865056L, 
-2138401182L, 739037352L, 1547149388L, -1098565764L, -1967772366L, 
1498451568L, 1768871748L, -690263080L, 1975494522L, 501269552L, 
-1184987204L, 1411570260L, 1507817538L, -782285152L, -1572416836L, 
-1799057456L, 269955426L, 659253992L, -1800581940L, 1320110588L, 
-547425806L, -516720512L, 1062174196L, -698619256L, -2022709446L, 
-1881913432L, 361737478L, -160877517L, -1755327851L, -1314037006L, 
1055353664L, 691290281L, 895485211L, 1064862444L, 956948218L, 
-2074906833L, -78819527L, -1235267250L, -1488523364L, 2110815501L, 
-309794953L, -1808882816L, -1382172194L, 1838726827L, -179191379L, 
1490245146L, 782518488L, -1663961791L, 1808727539L, -1953666028L, 
1978020258L, 837019319L, 1301082241L, 835242118L, -1255383868L, 
-1901643275L, -1408060321L, -436721992L, 1349904278L, -2044658269L, 
-380690075L, -345208702L, 1758978544L, 167524249L, 712995211L, 
-1091089284L, -785340758L, -1938521889L, -1726699927L, 185447550L, 
-731603860L, -698893123L, 1701139847L, -285560464L, 1736057870L, 
1430509883L, -887871971L, -706872630L, -182716952L, 1850792657L, 
-1331681597L, -137163324L, 1161136754L, 2002047815L, -481006831L, 
-561129834L, -442258444L, -1382525563L, 146507983L, 1216750024L, 
1583013990L, 103659155L, -85694987L, 502020050L, -179256288L, 
-1662052855L, -27422917L, -809516404L, 2079921946L, -1792853617L, 
2091030233L, -1315653266L, -1465580292L, -2038227347L, 1395694103L, 
-2058874912L, 568527806L, -2069894773L, 1003518477L, 2128967226L, 
-528638344L, -162916831L, -31627053L, -145352716L, 1807515778L, 
311679255L, -253693983L, 158951718L, -1889613788L, -674059563L, 
-1527277953L, 1590040344L, 1231787574L, -2034358077L, 621839621L, 
1231711394L, 1347859088L, -169484743L, -680026389L, -1732894756L, 
1780490762L, 844817663L, 1187623241L, -1980226850L, -399585140L, 
1642121309L, -965777817L, -1400629360L, -837649490L, 1153778267L, 
-237289923L, -1221533526L, 1919304008L, -1660533391L, -1804127517L, 
578599396L, 352728338L, -212809497L, -630075727L, 1614525686L, 
-308328684L, -623415259L, 1610982703L, -125433112L, 1153165254L, 
1124072051L, -562287403L, -514502990L, 1312282240L, 593682025L, 
148112091L, 1219583532L, 1857617466L, -746489617L, 149685113L, 
679964686L, -602245668L, -1747642803L, -1088301641L, -340726976L, 
577088030L, -1920586517L, -885263251L, -71088934L, -1064366952L, 
